4.151796523351494628e+00
4.167776551632816684e+00
4.268191413214299068e+00
4.240652507824224315e+00
4.146559050373705091e+00
4.045991437711326633e+00
4.196728907403438846e+00
4.201685743078501289e+00
4.097561027376551479e+00
4.236411693162560610e+00
4.024074776915513851e+00
4.275491297868495799e+00
4.167842211579978695e+00
4.100540779973326444e+00
4.109643283186738216e+00
4.229910778155719697e+00
4.343762617634178369e+00
3.955557411634508913e+00
4.221277539971111992e+00
4.267111118317198581e+00
4.266352505163596653e+00
4.137557283257534024e+00
4.210769779529526247e+00
4.103612064087235112e+00
4.283577544398306181e+00
4.152547417633859261e+00
4.244966203371180136e+00
4.187528716211554425e+00
4.121023345288594264e+00
4.080487356656965936e+00
4.132866799555976911e+00
4.203164384379728169e+00
4.364065430224068898e+00
4.049661732335368747e+00
4.320930921674632330e+00
4.308455458785992676e+00
4.159913876913350350e+00
4.220111281227890032e+00
4.238074712913374675e+00
4.040853288555327438e+00
4.037207804734729066e+00
4.095518221965892991e+00
4.283740728898002281e+00
4.214642841053732880e+00
4.125222851232567933e+00
4.209579212062541487e+00
4.299824314489314681e+00
4.135172091459379473e+00
4.078573455898185429e+00
4.170937267302350371e+00
4.237038336498441637e+00
4.154578839952619340e+00
4.042699216632611225e+00
4.515783365430629637e+00
4.162410506302861357e+00
4.247587988165329342e+00
4.175639832535812168e+00
4.212484153294102640e+00
4.273309535991833386e+00
3.996587455160641067e+00
4.079911610295313906e+00
4.145521554592903613e+00
4.142944463907618946e+00
4.145887032460310095e+00
3.963826692939437013e+00
4.012604590964908624e+00
4.023280185922118335e+00
4.137169176197382114e+00
4.140646837356373844e+00
4.272832406922505655e+00
4.135447332927153496e+00
4.168508705658449109e+00
4.097144066863027234e+00
4.233301091800321103e+00
4.295037073096463764e+00
4.279136511408148102e+00
4.252918274718110681e+00
4.100657171680882840e+00
3.967917876558377799e+00
4.103190174068529927e+00
4.502105345911865619e+00
4.035142419418487947e+00
4.105602085385131161e+00
4.114932455083341267e+00
4.349064939089138271e+00
4.214640126236778528e+00
4.175975146567354912e+00
4.164136517570071305e+00
4.165580586532414031e+00
4.053800823467648584e+00
4.162871902976807981e+00
4.235283600511433377e+00
4.219988895750051761e+00
4.209603633302437586e+00
4.093007533984007296e+00
4.364061408159526145e+00
4.238713511454388794e+00
3.970204702494903870e+00
4.188445254110059857e+00
4.219383581482436973e+00
4.006778742565779261e+00
4.433527239192086356e+00
4.143360143625825387e+00
4.224785261131025038e+00
4.339540610286866773e+00
4.191906156733131716e+00
4.183503842831478359e+00
4.323552692030905753e+00
4.067627213830373734e+00
4.004794751322906521e+00
4.176299005943169718e+00
4.209734494391740078e+00
4.215227841984797053e+00
4.293426977076332918e+00
4.142604655719017259e+00
4.159381436876032012e+00
4.298174175802471630e+00
4.163176148589341707e+00
4.337826218984704774e+00
4.286466533532454548e+00
4.191879429167721938e+00
4.030658701842346758e+00
4.175127093827073921e+00
4.154255467823374737e+00
4.014494278836911789e+00
4.182625726657199117e+00
4.142085609068957730e+00
3.930122598619019136e+00
4.258919518966633788e+00
4.083259400952663931e+00
4.219378209793734236e+00
4.208427955743469617e+00
4.246593825080769768e+00
4.288476629175401733e+00
4.308544647235212466e+00
4.127326240679846769e+00
3.941410978258121034e+00
4.142807508965065111e+00
4.286118062089779635e+00
4.188789940305736259e+00
4.121890813878847482e+00
4.244861326159723447e+00
4.162948890105409028e+00
4.355765237185986294e+00
4.033599655759910085e+00
4.356412899296901564e+00
4.189268002898068666e+00
4.322173932617051406e+00
4.128258941494022061e+00
4.252249552888015316e+00
3.941741593169705293e+00
4.326693772593181109e+00
4.088478872514362372e+00
4.165927138850764599e+00
4.320445303740945597e+00
4.107089481196553926e+00
4.232005018470796465e+00
4.123362296576596364e+00
4.154290452492126029e+00
4.311042592129131990e+00
4.241029160382704610e+00
4.125135620549669646e+00
4.235870979437084571e+00
4.311905525799134331e+00
4.131862533075524979e+00
4.015319662120391264e+00
4.132241595394558153e+00
4.118181605970306691e+00
4.146565627729791537e+00
3.991120323949886917e+00
4.271387617489814659e+00
4.220501917283064230e+00
4.078255111085911544e+00
4.212063912683733591e+00
4.066124269994233487e+00
4.141051617365771875e+00
4.126517910863396033e+00
4.079392861002949289e+00
4.125431560161267441e+00
4.112863877872718454e+00
4.072289717722679114e+00
4.262132072045085707e+00
4.213371170919047337e+00
4.240654309291150170e+00
4.160346897934054766e+00
4.166415982142397390e+00
4.153186500247910473e+00
4.181685311822917583e+00
4.228517219589238429e+00
4.191376307204333962e+00
4.223896180030292768e+00
4.180502504234738126e+00
4.150062052523754375e+00
4.138390966934233361e+00
4.003704530942706619e+00
3.974661001339831579e+00
4.154955567814936579e+00
4.072257945329817552e+00
4.101239668241210445e+00
4.180749779731719684e+00
4.070591745860823174e+00
4.215106313307828145e+00
4.208762260262764343e+00
4.121780014451391416e+00
4.122142564299970502e+00
4.083577232258852163e+00
4.111460522205948820e+00
4.268038499458461921e+00
4.243119420407134967e+00
4.354138754079756701e+00
3.989846992851605378e+00
4.227118208077031980e+00
4.116764126349587549e+00
4.213534204923739424e+00
4.016369815598717530e+00
4.356873510021245899e+00
4.352834274692572336e+00
4.098868390973036568e+00
3.938589434274962553e+00
3.892480043800873091e+00
4.032419809787727516e+00
4.148170820388266122e+00
4.211054836854451366e+00
4.037099671160842007e+00
3.910472769926107262e+00
4.232473486906077831e+00
4.033452245235942257e+00
4.133142588095512160e+00
4.145047337497150153e+00
4.313791343698328618e+00
4.121851760507275308e+00
4.290122503582454172e+00
4.100853491882530122e+00
4.240684228837926284e+00
4.095884220072827375e+00
4.048361193133444225e+00
4.314403864650784293e+00
3.891693235036000065e+00
4.232470403949049498e+00
4.145503310879560033e+00
4.123150534758694974e+00
4.117372753248623063e+00
4.316284369021834877e+00
4.098421339014547193e+00
4.139435402770339500e+00
4.171000179759651871e+00
4.135945786482035480e+00
4.098140557196479961e+00
4.109059229493299270e+00
4.303479251559592988e+00
4.240917528505189438e+00
4.276276802433936375e+00
4.067800513232678661e+00
4.104203792644786297e+00
4.291179924819845226e+00
4.146342904347371849e+00
4.038494895527293238e+00
4.197545345226964209e+00
4.103832875701730387e+00
4.123316062171702434e+00
4.000634711028177470e+00
4.280127948615960243e+00
4.149765986631077652e+00
4.246428952703751314e+00
4.237198081390670446e+00
3.942660464516806851e+00
4.218565747487791562e+00
4.194075174161357111e+00
4.303476493365302247e+00
4.375055765581913114e+00
4.072383493218307393e+00
4.104351658469630237e+00
4.268385266731753447e+00
4.137295542834793061e+00
4.214743392305615011e+00
4.232641851464595817e+00
4.203303411722746574e+00
3.928454314426361282e+00
4.069986328201968817e+00
4.139188603737125050e+00
4.239147769862631421e+00
4.286675363841459863e+00
4.310576378393909280e+00
4.249022802257400144e+00
4.092823283308846705e+00
4.288846446004618507e+00
4.185820580546683267e+00
4.153235617452938122e+00
4.276916215523960396e+00
4.161080249219792471e+00
4.138849832801955841e+00
4.090854420668184055e+00
4.188450931290917723e+00
4.292521745247198872e+00
4.297420079867793063e+00
4.155679184300915097e+00
4.127748031558788000e+00
4.144445700749159300e+00
4.123938308351010384e+00
4.106149972185851205e+00
4.122755378592697362e+00
3.955221720486863379e+00
4.243371951891687033e+00
4.251164751999255031e+00
3.985512411778219022e+00
3.975622000308328463e+00
4.131896248284157913e+00
4.309068623306719914e+00
4.245975815100758055e+00
3.940209012197682270e+00
4.111485686049286770e+00
4.265741119497866940e+00
4.070529532000513484e+00
4.255667938738413980e+00
3.987330233240170774e+00
4.234275104630992104e+00
4.120186557590305831e+00
4.140553143065062613e+00
4.025300932582404734e+00
4.203632476842916965e+00
4.281303872299596414e+00
4.284176999021361176e+00
4.111194282927606025e+00
4.135662700296810712e+00
3.953408288749178379e+00
4.046749533702607593e+00
4.179363940178483006e+00
4.119195995275798161e+00
4.252403295339188816e+00
4.128193820867198660e+00
4.285529240533709761e+00
4.348572965700591375e+00
4.278838821225662947e+00
4.048537699732994710e+00
4.135702293790497919e+00
4.119631609511771764e+00
4.264187535348201941e+00
4.361957573469270599e+00
4.337557141555487661e+00
4.045612711422183594e+00
4.199873827030629059e+00
4.211391764562423923e+00
4.072325416757026417e+00
4.273768385450884999e+00
4.190607684589017445e+00
4.131619666772400556e+00
4.127468162346139557e+00
4.584798287055194876e+00
4.137397673840415457e+00
4.206014159836912292e+00
4.112597866496464860e+00
4.194536623391591945e+00
4.187088655334160414e+00
4.175307035976373093e+00
4.033990685043825408e+00
4.113164582221414456e+00
4.187620064382022278e+00
4.253321233243649857e+00
4.178922475473822118e+00
4.192800659600637303e+00
4.380826357680407845e+00
4.174243445247888928e+00
4.214179354233778874e+00
4.311658440774604806e+00
4.356901790515909312e+00
4.088469217937262812e+00
3.999760292497634762e+00
4.245625882206806700e+00
4.189950284053857388e+00
4.333368965048923549e+00
4.240279126894813899e+00
4.045233382423631063e+00
4.171855952072821339e+00
4.233324027985144511e+00
4.171138642915653172e+00
4.237223816345733418e+00
4.139228047109019037e+00
4.018419261165592005e+00
4.050127998858317646e+00
4.124088679456767714e+00
4.122307080879719088e+00
4.280268062899897252e+00
4.317269132959664191e+00
4.233446986081785823e+00
4.248860616336852303e+00
4.238635397939990668e+00
4.472266165265575744e+00
4.162299512514231026e+00
4.243106052797431360e+00
4.044481772342196635e+00
4.154370127722707196e+00
4.046085530912989725e+00
4.243322539073548505e+00
4.336933597873351864e+00
4.125661856974883079e+00
4.052817380632222743e+00
4.067351201452466647e+00
4.182372020366571519e+00
4.141437381302088383e+00
3.962885001439594213e+00
4.223064669914411873e+00
4.145111770271221019e+00
4.266801773722774804e+00
4.123616510724278150e+00
4.072592688772125769e+00
4.103520673720027823e+00
4.048095488853271640e+00
4.326077202064070981e+00
4.210017550548274201e+00
4.230076642569597034e+00
4.203432875835190430e+00
4.093031022102101346e+00
4.128341959781603343e+00
4.234774399456083138e+00
4.113792130785779655e+00
4.174013330645326647e+00
4.078862523703987719e+00
4.181007335823723636e+00
4.262130577306787238e+00
4.122972188059934595e+00
4.150055481491141229e+00
4.085126820246101076e+00
4.151658780221015199e+00
4.211316139241893630e+00
4.097089766474908856e+00
4.209664893158001853e+00
4.251866142908961699e+00
4.039428481086686951e+00
4.287650431171163845e+00
4.319883913292349220e+00
4.270181245581937901e+00
4.071459692897273719e+00
4.175905740283337941e+00
4.350058159180607120e+00
4.145745971289445997e+00
3.971367696724893648e+00
4.195485667519107231e+00
4.181989265669233902e+00
4.047922757145364869e+00
4.165239195006875228e+00
4.293827558179423853e+00
4.229230334097521471e+00
4.258857407978045018e+00
3.893804118490342248e+00
4.151506841296480843e+00
4.143625852757454098e+00
3.914647243648335717e+00
4.091609978551113080e+00
4.085536962908882685e+00
4.241380311535738024e+00
4.322821587469232618e+00
4.253408974761525130e+00
4.016058815880400701e+00
4.060300270113120114e+00
4.196864237196321845e+00
4.345849419380038547e+00
4.168013265411710577e+00
4.138174544766188845e+00
4.215747874493791514e+00
4.174010839629862524e+00
3.966170671449661178e+00
4.431882390742921451e+00
4.230713056451291365e+00
4.061616691347075481e+00
4.264201085992079143e+00
4.222409669125434917e+00
4.273437138489986964e+00
4.389537444859368698e+00
4.130468259169385981e+00
4.345456664909105982e+00
4.169295539484923374e+00
4.145770314321493899e+00
4.249022244272371296e+00
4.268403273948452537e+00
4.258274764101040333e+00
4.113089731596976328e+00
4.263496550201905322e+00
4.364855934502221757e+00
4.332484521398356492e+00
3.953015920886179035e+00
4.132806618281260391e+00
4.090512731996672535e+00
4.096973724333783373e+00
4.215166021118898598e+00
3.871319541865551273e+00
4.029222875468591702e+00
4.174718764440841667e+00
4.138772504201645219e+00
4.120970590830762781e+00
4.390333331992552601e+00
4.087462873944796904e+00
4.149110366560901930e+00
4.173476422827400611e+00
4.196052818513437366e+00
4.262050990868711864e+00
4.343955208691276937e+00
4.208009802534731669e+00
4.136080896167698917e+00
4.227214827469842895e+00
4.424732703480974472e+00
4.237093005061483453e+00
4.234059862307423927e+00
4.042084169881308142e+00
3.903664521304363699e+00
4.428495152570042670e+00
4.069830432196664738e+00
4.272155359661793383e+00
4.212097547640307305e+00
4.078009957122669782e+00
4.271786102903485371e+00
4.131221423211396626e+00
4.151818384253950889e+00
3.994721934287920106e+00
4.162156458222971089e+00
4.278771794037189657e+00
4.276483357847668643e+00
4.197367462644542968e+00
4.207053289567601162e+00
4.076817439561928325e+00
4.232927737314772010e+00
4.174744422692628909e+00
4.032021489532655600e+00
4.312064143890872003e+00
4.050588669952817078e+00
4.118612822768382919e+00
4.061300675441859909e+00
4.121858476171770924e+00
4.040917353781649624e+00
4.204228076157421334e+00
4.312763885330018532e+00
4.017711788541025619e+00
4.212542976198443867e+00
4.267458593555869761e+00
4.290293608017442750e+00
4.223304506337334452e+00
4.142780520666565103e+00
4.132703995330945013e+00
4.222498736207442427e+00
4.068390991750737484e+00
4.149127693526946992e+00
4.120495411005044240e+00
4.256299351879339277e+00
3.992521788297709762e+00
4.102192851806338858e+00
4.343072203580739199e+00
4.155253106677069930e+00
4.116461633270186660e+00
4.143580790243572842e+00
4.165536142736929293e+00
4.218812682419779136e+00
4.288056592359350105e+00
3.963981659084191644e+00
4.047659358721176659e+00
4.151919331534896784e+00
4.276872466238726744e+00
4.243378823794838439e+00
4.100666034951822247e+00
4.059065947888706560e+00
3.995582015044955693e+00
4.059280462003073353e+00
4.213563934279362044e+00
4.012443472893252761e+00
4.251374267383718042e+00
4.155025934994120540e+00
4.189203643668592214e+00
4.293235458803657423e+00
3.996563155829694125e+00
4.289439992905009547e+00
3.920287315535747386e+00
4.231127097955727834e+00
4.141714584376876118e+00
4.401178233386269234e+00
4.315657415928764173e+00
4.193210423196370051e+00
4.202593784494175644e+00
4.112302945251110842e+00
4.024051335275552255e+00
4.106037235689507625e+00
4.239407706207970250e+00
4.249815002196477565e+00
4.115752370254972092e+00
4.044287926168913749e+00
4.222549080251313036e+00
4.232718744117069498e+00
4.133943015844240954e+00
4.120071538888117502e+00
4.197004185285098998e+00
3.978054446175598446e+00
4.044148553008696467e+00
4.151170063921495235e+00
4.179578919227911804e+00
4.104439713976844040e+00
4.056337739032631617e+00
4.131627589174754256e+00
4.162918959253938844e+00
4.123802719769091851e+00
4.079656471378306115e+00
4.072861305499603901e+00
4.113792698503180745e+00
4.144365386000084861e+00
4.212379253086634634e+00
4.183727468409679240e+00
4.149133010475366312e+00
4.146329690834951620e+00
4.209705414790437139e+00
4.258296496952569399e+00
4.271469438515445916e+00
4.139548607324840646e+00
4.061335238945729564e+00
4.083620349822187912e+00
4.004728050808650686e+00
3.957179195263786919e+00
4.012424086460025130e+00
4.235550021479184579e+00
4.268676264299573475e+00
4.071619881983990830e+00
4.212296377405604808e+00
4.119222444941626371e+00
4.254452715691735776e+00
4.237726066211355835e+00
4.244625979832797213e+00
4.063495447346642919e+00
4.037503062977130242e+00
4.260965918863749202e+00
4.139601458766987818e+00
4.123251980911908809e+00
4.154951045855131753e+00
4.172450797428494340e+00
4.111463999747783760e+00
3.977050188561022548e+00
4.154221864623512950e+00
4.309328028722158699e+00
4.183130362988090489e+00
3.963580022048977636e+00
4.196616299083871127e+00
4.163652748871702336e+00
4.069287618562829500e+00
4.253614737964522163e+00
4.046690200809173632e+00
4.208848952378322572e+00
4.377413598536934458e+00
4.214107730569366161e+00
4.357267058710573515e+00
4.485223825341976500e+00
4.354256294639692548e+00
4.177225049266251489e+00
4.228887806322950915e+00
4.061617375170417432e+00
4.182123708062962741e+00
4.180550974137932307e+00
4.226008716387425146e+00
4.131852377525324194e+00
4.152226917457148225e+00
4.024237652033614054e+00
4.001124317571712830e+00
4.201785743157564923e+00
4.066993841839294355e+00
4.189049130962933631e+00
4.248004377505840701e+00
4.172104355000563203e+00
4.245701965653437604e+00
4.172974595524026498e+00
4.029734013999071607e+00
4.473474360277209350e+00
4.236296674685370967e+00
4.258188212866992117e+00
4.188840813991358658e+00
4.350861326548206343e+00
4.212145382630444246e+00
4.183711177423007577e+00
4.173637220142405013e+00
4.112517192829241885e+00
4.078339415693751135e+00
4.180922456720773006e+00
4.043298873069020694e+00
4.072669444916214410e+00
4.269643370915124692e+00
4.145588543907710921e+00
4.016141176237203680e+00
4.292107680303643313e+00
3.919461206456947178e+00
4.160773055044197477e+00
4.061116036958592801e+00
4.194993941888276012e+00
4.198804541696007142e+00
4.145143446370335383e+00
4.307457442372439438e+00
4.301880837273467151e+00
4.245644553747225380e+00
4.226213214434166865e+00
4.112035566226312611e+00
4.310279489129177577e+00
4.104751650660361406e+00
4.217350186190897077e+00
4.267843468698507614e+00
4.061104343677764739e+00
3.981783947535272983e+00
3.942141315670241397e+00
4.346785125480956857e+00
4.043624378985770207e+00
4.404640259771252175e+00
4.169689004935799304e+00
3.994453767958431545e+00
4.078691406560507993e+00
4.312498958001651950e+00
4.232883844893068570e+00
4.085065983071861417e+00
4.120883632970964605e+00
4.182922066659858551e+00
4.108308929833905054e+00
4.157745249835648416e+00
4.051752312504823372e+00
4.041959878661954164e+00
4.124590814348708001e+00
4.174252133522398545e+00
4.059351076483255660e+00
4.241143238375058466e+00
4.262384887337058004e+00
4.152661357083701432e+00
4.094503935593926336e+00
4.109153951914356284e+00
4.230027590013233585e+00
4.161717323194036311e+00
4.254506724140111551e+00
4.147736015314657188e+00
3.957627499264737558e+00
4.256427873880061163e+00
4.171776508903795033e+00
4.175860340275932003e+00
4.198280731850661418e+00
4.155634534649189860e+00
4.182050351515070652e+00
4.204248725407449427e+00
4.403280837511490908e+00
4.262194108317278740e+00
4.022647836422718726e+00
4.261287961676811342e+00
4.139255317033696535e+00
4.174635540137081158e+00
4.284712948549661782e+00
4.218416325200321282e+00
4.068006825434799190e+00
4.061044316423472189e+00
4.322745465268201137e+00
4.113028436416662714e+00
4.095149991885242535e+00
4.015652635196103049e+00
4.168285605792395820e+00
4.264570810962737824e+00
4.067321282391311854e+00
4.253242433541885248e+00
4.234978167335344601e+00
4.398642900349123863e+00
4.083151324060576570e+00
3.959524923749825120e+00
4.009729472381778237e+00
4.208442578782692678e+00
4.286824966647337476e+00
4.159848781188964395e+00
4.046538111500814772e+00
4.184826028502399708e+00
4.151415766156979714e+00
4.254682645897650772e+00
4.101123436799668731e+00
4.083308504904893610e+00
4.086794420712489995e+00
4.221325854430982183e+00
4.061634886542045741e+00
4.246521043814155405e+00
4.211287801534568942e+00
4.143562325164744209e+00
4.264157617585989435e+00
4.378267258612071444e+00
4.196011868896895258e+00
3.903767277411419379e+00
4.098530774376534680e+00
4.083719556607838364e+00
4.236301593656157216e+00
4.067704717266245495e+00
4.098246979931120748e+00
3.985233201366704670e+00
4.056975057533897200e+00
4.173545771365706258e+00
4.327702464519059156e+00
4.203076669880768002e+00
4.133143656263480459e+00
4.142779098072487010e+00
4.282751347335785219e+00
4.283532932184126452e+00
4.285331937827194793e+00
4.129340596455433499e+00
4.147760180575086331e+00
3.949307843119391315e+00
4.235319106851836324e+00
4.225653459821411495e+00
4.165057451556811507e+00
4.329988464498693901e+00
4.107906996611350614e+00
4.102134142361639313e+00
4.002632779544477160e+00
4.147453367159255500e+00
4.455797078717811388e+00
4.174801929064044792e+00
4.320356964241847564e+00
4.110152582784302844e+00
4.116438197161476076e+00
4.100965522250388240e+00
4.343884069805907799e+00
4.215546185948565672e+00
4.094059736603301580e+00
4.094948419647106874e+00
4.204976892202015648e+00
4.189961624670131002e+00
4.073163018597170115e+00
3.986524769900449794e+00
4.344754600706307812e+00
4.025564041325255360e+00
4.294825347976735763e+00
4.146176398011499842e+00
4.080628438811922720e+00
4.064283540102808345e+00
4.110283351682278763e+00
4.088891408432750119e+00
4.184379308013070009e+00
4.238686119032124999e+00
4.233442028120554923e+00
4.156411271284897957e+00
4.083598810467824691e+00
4.153180311417204784e+00
4.269261278175436658e+00
4.285796401035961267e+00
4.371885492316496702e+00
4.106032032290226397e+00
4.127058308014854404e+00
4.385283840678529721e+00
4.130431120169364867e+00
4.300324796394304983e+00
3.943639764780248136e+00
3.919702509682741809e+00
4.312856208086590648e+00
4.232049285514134063e+00
4.294609208014867008e+00
4.081188119012799653e+00
4.113587080935448448e+00
4.169478118800106436e+00
4.232796960706957101e+00
4.138674438054457561e+00
4.299573715840942612e+00
4.083924018796414757e+00
4.213491928342721238e+00
4.243431381682396086e+00
4.048764753987549980e+00
4.108050075739331675e+00
4.135432777695520201e+00
4.054130487445491760e+00
4.251363553489857061e+00
4.237039565811852704e+00
4.326035529009505609e+00
4.307019944265405798e+00
4.140511109000981627e+00
4.004724624327128168e+00
3.969129961806038054e+00
4.134801379517384134e+00
4.150634246512503012e+00
4.258099978634285243e+00
4.219532501226519017e+00
4.335277061421559885e+00
4.196102447800131863e+00
4.142243181611783953e+00
4.219610634658677917e+00
4.263727627048342406e+00
4.201165505825721347e+00
4.205307925140089331e+00
4.114792694914913618e+00
4.379752954016046473e+00
4.262817302356385341e+00
4.107695638753620315e+00
4.023370199392648949e+00
4.277446434363608496e+00
4.229806652902996511e+00
4.060751425385799251e+00
4.327263601135838300e+00
4.060285944789054469e+00
4.272053797657514806e+00
4.161443028831752322e+00
4.295391058046720723e+00
4.437490771751104290e+00
3.986784703428539522e+00
4.080349211615846627e+00
4.045248565339122138e+00
4.185801407823421805e+00
4.147069824051701659e+00
3.863784212378665650e+00
4.299651528643988918e+00
4.096758491810879477e+00
4.257625685220154388e+00
4.179055912553974572e+00
4.161463839362245842e+00
3.947910605907114068e+00
4.278357086658780339e+00
4.148452090137092263e+00
3.934070183558750600e+00
4.106486759642743678e+00
4.245953549170907060e+00
4.030847914562585288e+00
4.186306958342685292e+00
4.105461620349581509e+00
4.134255640848573776e+00
4.249124092518018259e+00
4.163985033428040161e+00
4.185048759659925288e+00
4.108094668586907972e+00
3.908525526705495245e+00
3.960888512028567288e+00
4.182274369619646492e+00
4.134705588740109405e+00
3.851922644497729031e+00
4.063366980449237609e+00
4.035697052121776096e+00
4.199893772190253394e+00
4.256040156244367267e+00
4.225520394223033271e+00
4.233504268172216811e+00
4.105567343422691806e+00
4.182893772716228753e+00
4.238317848132772347e+00
4.191236454582703885e+00
4.065496914123000849e+00
4.264691613766188105e+00
4.100518748269924352e+00
4.123124953339985410e+00
4.170265600925293192e+00
4.135965658084738372e+00
4.249956220259514694e+00
4.145728731072587436e+00
3.892593123685705869e+00
4.265710638924563369e+00
4.148331581416607072e+00
4.188811255221986052e+00
3.977165691659832802e+00
4.167856477473277366e+00
4.276018607482814815e+00
4.121680420002314271e+00
4.039263017650395859e+00
4.223406914153160052e+00
4.108165533725148144e+00
4.220839297474659801e+00
4.218038304233070690e+00
4.150494700021234884e+00
4.215831079749803756e+00
3.969549165487828546e+00
4.034167012516645556e+00
4.017113962075755218e+00
4.297309818952268046e+00
4.120423961101702837e+00
3.957886171575208500e+00
4.308797866776891361e+00
4.350500218215800352e+00
4.253342198089964832e+00
4.126553776454422007e+00
4.120689649745791883e+00
4.179053779832329063e+00
4.055979436051400100e+00
4.091815123048184510e+00
4.312003641162795553e+00
4.269915708401380350e+00
4.147919173642109492e+00
4.162177551969164391e+00
4.081681440955577500e+00
3.979770803373798405e+00
4.262894042145753737e+00
4.236994255674015442e+00
4.171765590187305861e+00
4.171227450436147066e+00
4.119944421519403654e+00
4.277853360494513701e+00
4.159380437385002516e+00
4.079873810711275972e+00
4.354674579791231182e+00
4.334449405765518293e+00
4.031016114232854441e+00
4.151460856706698621e+00
4.168250483362202274e+00
4.235348666550566854e+00
4.134433862403967375e+00
4.033849117554829888e+00
4.086916447553208265e+00
4.146349041280213754e+00
4.242392299128510125e+00
4.338186805857286998e+00
4.089221884803280638e+00
4.093178061550873714e+00
4.345000216401126991e+00
4.279404904638433926e+00
4.189695753727024297e+00
4.156854667767873934e+00
4.189771619298372940e+00
4.119763862395966036e+00
4.050739805307077113e+00
4.270862874488607019e+00
4.055858813416628017e+00
4.180770928626314387e+00
4.020953204723784147e+00
4.019664150774596934e+00
4.160303354791262009e+00
4.143380086477954194e+00
4.353987480835087354e+00
4.081461782582000986e+00
4.255253601138348607e+00
4.215913822634007602e+00
4.094966915015470832e+00
4.112413169031006177e+00
4.209758846063030191e+00
4.231085825414842461e+00
4.385147023973453351e+00
4.183355332241673885e+00
4.152548183210353905e+00
4.093487035680191788e+00
4.341887884649360707e+00
3.981020930648043521e+00
4.308981954932266767e+00
4.026898166458819261e+00
4.079074741611393051e+00
3.970608449440367504e+00
4.105990729017267249e+00
4.129276005939748195e+00
4.026142343817390667e+00
4.162390170988420124e+00
4.157778884288553911e+00
4.207210965249173817e+00
4.068683785875373715e+00
4.253375969480126528e+00
4.131333857101130214e+00
4.018531515658708031e+00
4.286632605777366045e+00
4.067304862918601494e+00
3.924573283113661493e+00
4.333053883767644443e+00
4.089556939331078667e+00
4.102219335860414873e+00
4.455004168808984311e+00
4.078120809109970324e+00
4.127683662633720552e+00
4.318658231253556856e+00
4.171630906669606453e+00
4.101082856319859360e+00
4.162660985955508153e+00
4.156063992600072865e+00
4.106024951723405536e+00
4.134894216985204984e+00
4.208265576594211410e+00
4.189748456562039536e+00
4.197087597235950263e+00
4.029917692807159391e+00
4.148772403746924020e+00
4.062529455984162041e+00
4.279760184689907376e+00
4.174798706936427628e+00
4.108192468032827449e+00
4.189025592187068270e+00
4.066071896188412360e+00
4.081341914035241381e+00
4.126857140951067038e+00
4.048752585307243024e+00
4.168581285982975615e+00
4.024816788304645954e+00
4.276326471312252409e+00
4.090129344194220806e+00
4.225645209522259194e+00
4.067429652491381553e+00
4.028671708413475550e+00
4.397834025063162677e+00
4.360512560140381133e+00
3.913633310903987361e+00
4.099808258834714003e+00
4.032404931779574042e+00
4.044239634111750803e+00
4.114087070053454198e+00
4.265654979038225214e+00
4.244220113720555965e+00
4.238837742556505361e+00
4.160456449723383798e+00
4.114173546991460206e+00
4.088453231222945128e+00
3.925354079409582475e+00
4.315237163382009911e+00
4.089938193621473594e+00
4.170732665116545057e+00
4.136443898969377919e+00
4.071212125886730426e+00
4.238315981936846555e+00
4.370081416891296477e+00
4.004251140698016798e+00
4.187264608866327897e+00
4.248951548616549445e+00
4.232172418566822358e+00
4.437561033102403130e+00
4.175449779896575286e+00
4.344780309231873083e+00
4.105122521760661947e+00
4.130472948102329234e+00
4.195536126065241511e+00
4.234527219593309688e+00
4.275364076780147293e+00
4.148052195708937795e+00
4.318365204212630815e+00
4.368111360125225495e+00
4.091402639454782886e+00
4.123188436938329815e+00
4.079972272410757661e+00
4.160881658893146984e+00
4.416936611225638742e+00
4.213213348187133001e+00
4.214397803008719912e+00
4.184105794935203626e+00
4.165713237562370885e+00
4.023189318557538030e+00
4.314781016949128301e+00
4.179867297958054451e+00
4.241979024317879876e+00
4.124391404196217081e+00
4.150448154109879439e+00
4.187137191489160415e+00
4.034236057092191352e+00
4.069478962837145275e+00
4.179360611067655107e+00
4.264632060056977814e+00
4.026372637270883459e+00
4.226258813995238839e+00
4.160260480628775070e+00
4.136261477641534512e+00
4.195649595605558169e+00
4.049992573167379817e+00
4.091597364698024819e+00
4.169932241572191778e+00
4.238664028088503954e+00
4.309450612904022648e+00
4.157790112028663110e+00
4.198191274764684344e+00
4.071065599716120254e+00
4.188535006708110409e+00
4.200967231125315671e+00
4.160510647255578398e+00
4.312204414782533135e+00
4.237309117096105027e+00
4.153455795740017109e+00
4.206481128983313056e+00
4.247718820797057759e+00
4.253675347426284503e+00
4.130535739167372711e+00
4.008343922184979036e+00
4.224743213034043876e+00
4.274918507222192687e+00
4.229746554294676386e+00
4.507724018143969502e+00
4.357489305935558832e+00
4.240138481321800157e+00
4.337129492166410749e+00
4.019783483033503302e+00
4.031843806695803778e+00
4.073912728077244694e+00
4.205969571106383142e+00
4.229893692662266780e+00
4.163956349452458738e+00
4.294704004896830796e+00
4.127664449902376909e+00
4.211430711959761375e+00
4.223447464237262139e+00
4.043573322571614170e+00
4.256376661437683673e+00
4.392954540260416429e+00
4.091702375167177053e+00
4.335920640873837328e+00
4.236350533633173931e+00
4.075414490238328469e+00
4.481051764155935757e+00
3.928771228080880196e+00
4.310799795771412590e+00
4.195043542312474116e+00
4.209126425438673103e+00
4.008612673484869937e+00
4.177289315410276593e+00
4.236976233706877260e+00
4.381017043619143791e+00
4.096111126005874681e+00
4.203797489058874959e+00
4.123471865556871840e+00
4.196480552131353292e+00
4.291056211550009714e+00
3.947034872984334530e+00
4.301875026212571562e+00
4.168742285784661661e+00
4.144704063398743088e+00
4.043342605566579984e+00
4.055940399144405184e+00
4.154807291905147970e+00
4.170115224904399120e+00
3.944049748196538641e+00
4.287303580874484155e+00
4.077923398654506038e+00
4.238136165744077921e+00
4.316275408872831676e+00
4.308292025482422183e+00
4.058994824867720119e+00
4.138867118157387281e+00
4.133418655509439432e+00
4.125561765486262189e+00
3.933854074662475053e+00
4.039438717934717538e+00
4.261120323155202172e+00
4.144374670351328227e+00
4.076232907396484251e+00
4.079682346285278705e+00
4.159420264698456826e+00
4.124262314296857745e+00
4.141010648706509478e+00
3.942392007197802251e+00
4.146978555032417191e+00
4.263735567500543056e+00
4.223108264550042179e+00
4.178759579478811048e+00
3.865246718582021401e+00
4.179426269102913594e+00
4.178724056734608894e+00
4.417147018483077225e+00
4.248213690704059076e+00
4.314495006526819054e+00
4.135298614976035125e+00
4.130849430153520352e+00
4.174315038857330684e+00
4.057280412732045427e+00
4.210258010276969998e+00
4.225779388292421501e+00
4.201824059508642684e+00
4.084126172228432772e+00
4.141240820812525314e+00
4.512589282213648190e+00
4.175520165827493635e+00
4.325497020120111280e+00
4.212407495117741263e+00
4.083768555660993727e+00
3.889238970370340276e+00
4.161964264148059200e+00
4.209193390606355223e+00
4.374247222534377144e+00
4.134344655844207850e+00
4.093056162555559041e+00
4.280518841667698915e+00
4.351422139192528959e+00
4.237955070297629412e+00
4.366758699890094242e+00
4.131173264894474784e+00
4.128888790196849179e+00
4.303587578047097573e+00
4.302475796270232244e+00
4.185392997352961331e+00
4.211494409681835194e+00
4.371429925795411897e+00
4.123374847283193034e+00
4.119044701089974225e+00
4.094208379804980424e+00
4.225034726536113006e+00
4.362482757020188728e+00
4.228945891523926193e+00
4.031186619439200314e+00
4.136871613397415715e+00
4.425252093785850604e+00
4.161848703974582619e+00
4.278960901084661650e+00
4.110952804816168538e+00
4.164375354815827102e+00
4.056555867438035534e+00
4.051690819876498928e+00
4.095637505327372807e+00
4.165797349118724568e+00
4.327035677551537951e+00
4.056991944767776914e+00
4.159124245164378841e+00
3.990621828423801531e+00
4.346794463852672763e+00
4.050883293280549857e+00
4.166340554987313816e+00
4.329338153498287767e+00
4.226887168372023496e+00
4.234377785882258216e+00
4.289681186188554207e+00
4.325782996957276971e+00
4.209182447210906730e+00
4.069371338875905408e+00
4.173514620330923464e+00
4.125108996447685250e+00
4.260405442537376963e+00
4.221927007197874282e+00
4.273881332446518577e+00
4.279111977018485113e+00
4.252620455370307084e+00
4.148761914069617696e+00
4.349203875356648652e+00
4.325893296511099884e+00
3.930194085349252742e+00
4.197533141823533320e+00
4.263818416134651734e+00
4.104159623774346954e+00
4.103751866728182485e+00
4.288856644985230560e+00
4.106356504200065594e+00
4.190643819750913046e+00
4.212170155055619425e+00
4.218829986905938689e+00
4.324833948095379021e+00
4.220256437539613437e+00
3.923841049457104546e+00
4.148728056622164928e+00
4.114389049819054733e+00
4.246923156145044231e+00
4.263776653161198915e+00
4.139635479877070701e+00
4.173066314647472907e+00
4.232738805113140046e+00
4.379947968416603388e+00
4.145800651665237702e+00
4.294755324994458334e+00
4.103260119964144081e+00
4.061558242100995031e+00
4.259263963555186550e+00
4.088137241313136272e+00
4.301692584574652756e+00
3.973607605229215078e+00
4.084462252444521546e+00
3.997661632672942389e+00
3.948932595673613211e+00
4.116392325270559205e+00
4.266350712291636427e+00
4.154799250076485428e+00
4.160143158183664980e+00
4.127686971191946164e+00
4.082483538503344001e+00
4.211838139594872743e+00
4.217265443905815481e+00
4.328534551676237463e+00
4.288734815059521921e+00
4.074522375966327381e+00
4.162059315705601392e+00
4.318864572208421571e+00
4.220755554743060856e+00
4.281581464624852451e+00
4.142868382720918063e+00
4.243589448622729243e+00
4.065935027897200627e+00
4.151173016016383777e+00
4.346990577201184536e+00
4.319463611635861788e+00
4.204832458443194199e+00
4.179671724349892870e+00
4.140710748731875945e+00
4.152151817952600688e+00
4.179591919633047326e+00
4.082961110396269966e+00
4.237610739584323660e+00
4.125892841472031947e+00
4.129776134857483072e+00
3.949609439595056948e+00
3.974870650775392811e+00
4.176227292404711022e+00
4.028389758637358042e+00
4.335239259886551899e+00
4.216784797277587593e+00
4.203065667160116092e+00
4.392777931566399729e+00
4.172737838263668841e+00
4.109100395364595038e+00
4.412667173451087166e+00
4.216865394634708331e+00
4.162154278174842403e+00
4.053187741688963897e+00
4.072468548165841362e+00
4.189312161407203305e+00
4.297452777779910527e+00
4.259258085829364937e+00
4.277378596613337969e+00
4.034075939224325502e+00
4.203123075976053613e+00
4.074546312557193239e+00
4.286161065857664987e+00
4.074134879499984763e+00
4.093555740993354952e+00
4.108000151752007056e+00
4.126114919896106237e+00
4.300868601696839377e+00
4.013102050522632247e+00
4.248002740851736014e+00
4.138406878866133454e+00
4.022938247194671746e+00
4.113727567627384119e+00
4.267584046934845610e+00
4.073899520528406981e+00
4.190843131343343408e+00
4.213746824266707769e+00
4.286031068282198042e+00
4.214791598534133321e+00
4.198893549695099203e+00
4.283428150487091024e+00
4.185224322947374453e+00
4.134432658596089105e+00
4.184016590415863490e+00
4.222422186488502760e+00
4.210151848995298707e+00
4.368292946505292207e+00
4.229784665769948937e+00
4.182849013235481195e+00
4.176727363421275818e+00
4.209717739291796157e+00
4.239937619059667817e+00
4.222315641500339112e+00
4.184288339148365843e+00
4.434691079402972136e+00
4.091871955487309087e+00
4.148632033735561109e+00
4.071059064292469998e+00
4.212552927649161560e+00
4.154648594469715128e+00
3.966040219162959790e+00
4.215411172975452203e+00
4.223785531895137169e+00
4.180115448666784417e+00
4.272852470798146562e+00
4.256888482090835701e+00
3.994679048557603362e+00
4.235402028108576467e+00
4.074710180317461905e+00
4.192159564338759914e+00
4.362926056529040864e+00
4.023887351943470136e+00
4.260433351038795280e+00
4.076446727892060196e+00
4.203249250087843336e+00
3.999240261841567889e+00
4.106237720537961877e+00
4.176805476919341231e+00
4.267982280755497015e+00
4.347720336790803053e+00
4.281879149071765589e+00
4.113267638606222576e+00
4.084471482848077706e+00
4.105058567211035125e+00
4.021777642912533146e+00
4.173796355923708568e+00
4.077797715926463340e+00
4.082743889761457190e+00
4.127404829331118741e+00
4.190192978348928676e+00
4.112250518519022791e+00
4.066796410248620930e+00
4.202918338475012838e+00
4.129406778652364274e+00
3.990577210418049248e+00
3.916065189364592580e+00
4.100187809573690778e+00
4.300321015904295940e+00
4.072068430558441143e+00
4.167333603450725121e+00
4.146898824116102666e+00
4.033335120826448517e+00
4.171989206263615912e+00
4.258302591840903872e+00
4.164244424624796714e+00
4.196834760529190689e+00
4.174612442139962631e+00
4.099505525000855855e+00
4.164247183895080084e+00
4.096080646729298280e+00
4.369210674717949772e+00
4.113897837570566374e+00
4.139441822723439302e+00
4.286080028316638924e+00
4.214121161828535911e+00
4.263541686598621538e+00
4.101311691614336397e+00
4.110651396754628983e+00
4.250219987727301252e+00
4.280375826027079000e+00
4.038266166934154633e+00
4.180882285888300132e+00
4.242272028238684989e+00
4.279436003682532963e+00
4.301961130283586066e+00
4.176748781702813496e+00
4.252373099764561459e+00
4.169112179656499606e+00
4.263400486309936177e+00
4.374666672484373464e+00
4.196250689741538586e+00
4.081756885402527679e+00
4.073225075453581923e+00
4.131140965206715698e+00
4.203516724495787393e+00
4.200844472734269530e+00
4.152879673494857649e+00
4.295901434862036794e+00
4.234507243999549253e+00
4.056435809717728880e+00
4.209945188062282462e+00
4.253537292700399597e+00
4.080682410973583529e+00
4.119118807702693452e+00
4.177851941324126628e+00
4.142655342605741531e+00
4.399808820110466812e+00
4.344433770831941821e+00
4.040658598285569170e+00
4.140743136047545292e+00
4.231171110141073832e+00
4.123721741563274534e+00
4.131341282268912174e+00
4.273345586621806191e+00
4.200515582344277021e+00
4.237033475751049494e+00
4.252621748856076245e+00
4.322805394725398820e+00
4.208655278636172170e+00
4.240844808851881531e+00
4.155501523550563014e+00
4.144996099866065542e+00
4.103803619980125994e+00
4.342717127986624348e+00
4.127857850613831481e+00
4.212309834381295026e+00
4.306672251438657284e+00
4.146354558139002222e+00
4.188830891447064886e+00
4.134985077621810667e+00
4.228866373017230451e+00
4.164500819411788513e+00
4.460706254774529533e+00
4.078909923592329179e+00
4.232410835398469295e+00
4.060600175340236540e+00
4.246522830128204085e+00
4.215257103539015837e+00
4.351258511944088525e+00
4.118901647973408409e+00
4.246411631256992614e+00
4.151346956554248457e+00
4.166071760813033542e+00
4.233053157653516863e+00
4.253633287912107264e+00
4.217802691418436112e+00
4.360567417813652646e+00
4.274490057564738876e+00
4.347477695319624580e+00
4.235163755515348960e+00
4.044330874534067810e+00
4.240325056144578220e+00
4.089661542575041331e+00
4.163784417842061103e+00
4.228704849408194910e+00
4.102903241574098914e+00
4.090291829150001668e+00
4.052359527885226242e+00
4.270832788841164351e+00
4.177711412483153808e+00
4.118330037724734716e+00
3.944211401942791184e+00
4.095248989848533583e+00
4.142023355236465143e+00
4.197244279584789517e+00
4.098031110561707990e+00
4.275262525259830859e+00
4.256487564968614912e+00
4.214714830616804520e+00
4.231971359582619385e+00
4.144359809947819606e+00
4.077058472015019142e+00
4.341843769690799881e+00
4.211200711098234351e+00
4.362416231093172669e+00
4.180102473378542349e+00
4.201612739521780604e+00
4.171083327778104533e+00
4.267841747190660229e+00
4.163046044165400694e+00
4.163908454815798521e+00
4.089987440084732917e+00
3.975892417511715404e+00
4.275160185987076922e+00
